8.900602271897379847e-01
8.905411745017578484e-01
8.914984373402718987e-01
8.929227967408466249e-01
8.948005353438267528e-01
8.971135694999833321e-01
8.998396234259646853e-01
9.029524437322504760e-01
9.064220522576478256e-01
9.102150347753744652e-01
9.142948627903376702e-01
9.186222453284839107e-01
9.231555073303862047e-01
9.278509910048335918e-01
9.326634762772285647e-01
9.375466162836276762e-01
9.424533837163683314e-01
9.473365237227675539e-01
9.521490089951619717e-01
9.568444926696080266e-01
9.613777546715125411e-01
9.657051372096600028e-01
9.697849652246222085e-01
9.735779477423497363e-01
9.770475562677454207e-01
9.801603765740312113e-01
9.828864305000120094e-01
9.851994646561691438e-01
9.870772032591476064e-01
9.885015626597266625e-01
9.894588254982392694e-01
9.899397728102582450e-01
