3.129100067337035718e+00
3.112916955391815232e+00
3.096638273427429588e+00
3.080337998123983567e+00
3.064029531962437325e+00
3.047717102230497854e+00
3.031402457434164699e+00
3.015086450372602478e+00
2.998769546182233903e+00
2.982452020009259019e+00
2.966134044979381823e+00
2.949815735451888798e+00
2.933497169995335163e+00
2.917178404369036304e+00
2.900859479238094174e+00
2.884540424956147486e+00
2.868221264638331824e+00
2.851902016197331413e+00
2.835582693728909476e+00
2.819263308477104601e+00
2.802943869520684306e+00
2.786624384270447230e+00
2.770304858835500816e+00
2.753985298297095152e+00
2.737665706916128094e+00
2.721346088292337484e+00
2.705026445487816122e+00
2.688706781123833878e+00
2.672387097457471050e+00
2.656067396442803652e+00
2.639747679780154677e+00
2.623427948956047029e+00
2.607108205275838753e+00
2.590788449890558010e+00
2.574468683819108872e+00
2.558148907966751651e+00
2.541829123140566971e+00
2.525509330062462698e+00
2.509189529380170036e+00
2.492869721676578276e+00
2.476549907477696877e+00
2.460230087259475340e+00
2.443910261453662969e+00
2.427590430452869263e+00
2.411270594614944862e+00
2.394950754266788717e+00
2.378630909707664998e+00
2.362311061212108765e+00
2.345991209032468827e+00
2.329671353401148615e+00
2.313351494532579711e+00
2.297031632624969344e+00
2.280711767861847594e+00
2.264391900413444958e+00
2.248072030437916702e+00
2.231752158082436654e+00
2.215432283484178200e+00
2.199112406771190908e+00
2.182792528063189241e+00
2.166472647472263535e+00
2.150152765103520380e+00
2.133832881055661712e+00
2.117512995421508837e+00
2.101193108288478939e+00
2.084873219739015848e+00
2.068553329850984834e+00
2.052233438698032320e+00
2.035913546349910952e+00
2.019593652872782474e+00
2.003273758329491283e+00
1.986953862779817337e+00
1.970633966280709970e+00
1.954314068886499500e+00
1.937994170649097292e+00
1.921674271618177610e+00
1.905354371841347261e+00
1.889034471364303469e+00
1.872714570230979758e+00
1.856394668483682064e+00
1.840074766163217967e+00
1.823754863309014373e+00
1.807434959959230092e+00
1.791115056150862195e+00
1.774795151919844161e+00
1.758475247301140687e+00
1.742155342328837175e+00
1.725835437036224551e+00
1.709515531455879866e+00
1.693195625619744016e+00
1.676875719559197453e+00
1.660555813305130801e+00
1.644235906888015464e+00
1.627916000337970237e+00
1.611596093684829478e+00
1.595276186958205722e+00
1.578956280187554739e+00
1.562636373402238599e+00
1.546316466631587616e+00
1.529996559904963638e+00
1.513676653251822879e+00
1.497356746701777874e+00
1.481036840284662315e+00
1.464716934030595663e+00
1.448397027970049100e+00
1.432077122133913472e+00
1.415757216553568565e+00
1.399437311260955941e+00
1.383117406288652651e+00
1.366797501669949177e+00
1.350477597438931143e+00
1.334157693630563024e+00
1.317837790280778965e+00
1.301517887426575149e+00
1.285197985106111052e+00
1.268878083358813580e+00
1.252558182225489647e+00
1.236238281748445855e+00
1.219918381971615728e+00
1.203598482940696046e+00
1.187278584703293838e+00
1.170958687309083368e+00
1.154638790809975779e+00
1.138318895260302277e+00
1.121999000717010864e+00
1.105679107239882386e+00
1.089359214891761019e+00
1.073039323738808282e+00
1.056719433850777490e+00
1.040399545301314399e+00
1.024079658168284279e+00
1.007759772534131404e+00
9.914398884862728467e-01
9.751200061175296918e-01
9.588001255266039857e-01
9.424802468186023185e-01
9.261603701056149163e-01
9.098404955073565725e-01
8.935206231518766362e-01
8.772007531763481580e-01
8.608808857279456328e-01
8.445610209648241051e-01
8.282411590572135163e-01
8.119213001886446124e-01
7.956014445573242888e-01
7.792815923776844622e-01
7.629617438821282294e-01
7.466418993230047318e-01
7.303220589748482539e-01
7.140022231369239636e-01
6.976823921361303693e-01
6.813625663303178870e-01
6.650427461120961281e-01
6.487229319132150618e-01
6.324031242096231908e-01
6.160833235273305286e-01
5.997635304492262565e-01
5.834437456230413543e-01
5.671239697706842442e-01
5.508042036992352175e-01
5.344844483139544744e-01
5.181647046337461981e-01
5.018449738096387724e-01
4.855252571469897416e-01
4.692055561323220103e-01
4.528858724659594048e-01
4.365662081019771601e-01
4.202465652974555765e-01
4.039269466736651881e-01
3.876073552926979082e-01
3.712877947542923551e-01
3.549682693193459970e-01
3.386487840691088658e-01
3.223293451126886811e-01
3.060099598608836957e-01
2.896906373924618139e-01
2.733713889514616247e-01
2.570522286336459628e-01
2.407331743516989697e-01
2.244142492207571449e-01
2.080954835944579806e-01
1.917769181379042898e-01
1.754586086104115983e-01
1.591406335805344019e-01
1.428231074075595186e-01
1.265062032171908879e-01
1.101901961556284448e-01
9.387555135929556704e-02
7.756312162735611027e-02
6.125465546580981940e-02
4.495438016236387446e-02
2.867569819797821315e-02
1.249258625275805577e-02
